When deltat is 0.5
       t                   BackwardError                TrapezoidalError
0.500000                       0.0601360                      0.00653066
 1.00000                       0.0765650                      0.00787944
 1.50000                       0.0731661                      0.00713016
 2.00000                       0.0621956                      0.00573528
 2.50000                       0.0496022                      0.00432500
 3.00000                       0.0380044                      0.00313107
 3.50000                       0.0283303                      0.00220378
 4.00000                       0.0207028                      0.00151948
 4.50000                       0.0149033                      0.00103130
 5.00000                       0.0106036                     0.000691329
 5.50000                      0.00747425                     0.000458801
 6.00000                      0.00522859                     0.000301970
 6.50000                      0.00363479                     0.000197370
 7.00000                      0.00251361                     0.000128240
 7.50000                      0.00173057                     8.28994e-05
 8.00000                      0.00118698                     5.33516e-05
 8.50000                     0.000811491                     3.42018e-05
 9.00000                     0.000553230                     2.18498e-05
 9.50000                     0.000376241                     1.39159e-05
 10.0000                     0.000255329                     8.83835e-06
 10.5000                     0.000172949                     5.59950e-06
 11.0000                     0.000116955                     3.53953e-06
 11.5000                     7.89747e-05                     2.23279e-06
 12.0000                     5.32590e-05                     1.40583e-06
 12.5000                     3.58755e-05                     8.83624e-07
 13.0000                     2.41411e-05                     5.54512e-07
 13.5000                     1.62300e-05                     3.47469e-07
 14.0000                     1.09024e-05                     2.17434e-07
 14.5000                     7.31829e-06                     1.35891e-07
 15.0000                     4.90919e-06                     8.48284e-08
 15.5000                     3.29119e-06                     5.28948e-08
 16.0000                     2.20528e-06                     3.29486e-08
 16.5000                     1.47696e-06                     2.05041e-08
 17.0000                     9.88743e-07                     1.27482e-08
 17.5000                     6.61651e-07                     7.91928e-09
 18.0000                     4.42611e-07                     4.91555e-09
 18.5000                     2.95990e-07                     3.04879e-09
 19.0000                     1.97882e-07                     1.88960e-09
 19.5000                     1.32258e-07                     1.17035e-09
 20.0000                     8.83766e-08                     7.24404e-10

When deltat is 1
       t                   BackwardError                TrapezoidalError
 1.00000                        0.132121                       0.0345461
 2.00000                        0.114665                       0.0242242
 3.00000                       0.0752129                       0.0127500
 4.00000                       0.0441844                      0.00596996
 5.00000                       0.0245121                      0.00262272
 6.00000                       0.0131462                      0.00110701
 7.00000                      0.00690062                     0.000454635
 8.00000                      0.00357079                     0.000183047
 9.00000                      0.00182972                     7.26045e-05
 10.0000                     0.000931163                     2.84648e-05
 11.0000                     0.000471580                     1.10567e-05
 12.0000                     0.000237996                     4.26254e-06
 13.0000                     0.000119810                     1.63310e-06
 14.0000                     6.02036e-05                     6.22454e-07
 15.0000                     3.02117e-05                     2.36211e-07
 16.0000                     1.51463e-05                     8.93046e-08
 17.0000                     7.58800e-06                     3.36559e-08
 18.0000                     3.79947e-06                     1.26488e-08
 19.0000                     1.90175e-06                     4.74240e-09
 20.0000                     9.51613e-07                     1.77436e-09
